616
33
1682
239
199
613
2504
1456
273
1617
2356
2415
429
2234
182
2140
2814
2039
2312
814
1270
1202
1062
1126
374
1095
1283
1223
1517
2863
2323
2133
248
1005
2724
799
1970
2229
2256
2244
1198
1612
1659
1627
1198
2193
1119
1012
1232
432
1826
2503
1986
241
981
2712
1336
2264
935
2853
2479
258
2338
2728
1264
2062
527
586
1643
135
2830
2842
2100
1841
1821
298
1034
2941
1663
2267
725
841
1770
2711
1082
103
2423
2770
2367
710
2975
1846
968
2665
1926
2584
1728
2806
171
723
2941
353
917
2393
2195
2739
2692
229
32
1355
2848
1109
2548
1618
820
631
2073
595
753
1440
1305
729
639
2273
394
2917
2210
2474
2723
2381
198
17
2734
1467
2410
1929
1558
2454
2511
1590
809
2359
2699
710
1330
871
1693
403
1466
2446
2196
2771
175
187
2397
922
456
1607
396
180
1340
946
549
1074
2414
2959
356
972
2766
219
2915
575
2578
2966
1637
908
838
330
1664
2656
2777
860
2780
304
1399
2177
1226
1855
1136
1975
2387
2476
2921
2936
902
2687
248
1258
1012
14
1477
927
941
1408
893
2579
2668
2083
261
1332
1740
390
2544
1520
695
1295
1049
2273
151
2185
1600
2890
1661
1874
179
2915
1561
427
1174
2573
793
3
852
2086
1763
1746
2017
1432
1181
2279
2764
2921
2669
2661
1793
716
956
2842
2990
1459
2027
1590
1350
1040
464
1529
956
2378
2308
2482
2303
453
2837
156
2539
1601
2254
1557
33
435
836
149
709
505
162
2502
1574
1471
2345
1564
2930
1724
506
1632
117
1323
513
1073
1053
2821
907
356
274
744
512
2814
2345
2766
1723
2730
202
2559
232
911
416
394
413
1990
1865
110
906
2148
2187
1765
780
2304
440
1294
729
1493
1467
1636
1849
2094
2380
2362
2260
2078
2128
983
2160
2682
894
2744
945
1310
139
1711
653
2356
1821
1911
1856
1360
676
2989
664
1468
1635
1393
2961
102
381
1811
2548
114
1525
1808
2192
1005
143
1704
688
1037
1449
1633
2700
1940
344
705
1648
2518
2968
505
878
645
494
1895
2113
2129
640
2427
2583
1022
1238
2484
1136
115
1644
680
1120
1788
2384
1808
177
1185
794
229
125
1490
1286
1774
1360
1255
2279
2591
2252
125
1486
1717
2606
2126
1144
2541
500
2734
2025
1636
2849
1022
2668
970
2810
2053
130
339
238
1276
921
716
2767
2559
2490
1127
814
2121
1070
418
2598
2556
2136
2204
2035
280
2097
2535
15
1475
1524
216
2497
1192
1186
2307
597
1317
2998
1188
2593
1271
1904
2712
831
1394
1192
1997
867
2262
2416
465
2171
1552
21
1206
2184
2470
741
2551
945
2617
2768
442
810
954
101
1407
2623
100
2595
2569
1723
1851
2281
2554
597
825
1904
1464
440
1320
2281
2611
2872
2654
817
2408
2125
1910
1960
70
1528
1728
513
2690
2682
614
1097
2306
1066
1045
2227
2790
2896
1860
2696
846
2686
1600
2310
126
272
1944
89
496
1598
1258
2905
1075
168
1865
1146
2048
593
2011
1738
627
2977
188
285
1044
1585
2512
1186
1833
1373
1234
2679
1411
187
2342
1889
811
1286
1978
1308
236
236
1213
1312
756
430
2810
2805
1023
2173
1895
2002
2150
2435
2288
546
1372
2152
2084
206
525
671
237
1936
858
2579
825
2021
1217
155
329
1454
391
1894
118
1500
2324
280
1305
699
2453
552
2702
1955
340
2342
2502
1712
1494
1938
1918
2372
2609
2508
1308
819
2087
2486
2841
305
2641
170
2111
385
2065
2581
1885
1741
2861
542
2793
2666
1446
2495
1621
1786
2189
1475
499
683
414
2769
55
23
2277
1716
1195
1717
1554
1036
2022
1547
1558
1485
2284
975
1066
1169
2717
1279
2063
2510
945
862
2357
2566
2648
1898
1042
499
2581
1808
621
2989
1831
250
2057
26
1967
963
1414
1341
2510
2973
2826
1795
948
1244
316
1017
2523
2732
879
468
594
236
387
594
2134
1429
1094
2068
237
1715
2409
2420
2317
1818
2799
1285
2781
1565
2626
2291
1538
2805
1438
2839
1049
1755
856
573
1839
1736
1393
2433
2324
1780
27
1811
561
1473
879
1150
540
640
923
2858
2458
722
1143
2239
2639
1121
1882
1178
926
321
1369
1976
2428
2225
2901
1619
1313
1646
1052
638
427
1431
2801
1340
2905
1032
2491
797
1672
766
655
1482
1488
2150
1073
1127
272
307
2657
1198
628
1026
526
408
604
779
2027
1917
2426
431
2907
205
1863
60
1545
2120
1092
1388
2917
116
2154
925
1598
994
75
2671
2474
347
2979
2483
1898
959
862
2424
1720
1466
204
1099
735
2982
1531
995
187
746
1055
2084
218
2148
825
135
2264
2979
1060
1215
1326
1136
1238
800
1835
1569
635
733
2881
1497
510
1601
2963
1066
52
1051
1048
1935
2046
1587
33
453
671
251
2953
1848
387
2218
1828
1799
785
506
287
2023
1306
2123
593
2293
208
474
791
718
2427
1106
1784
2831
2157
184
1767
1555
1771
1800
2009
2795
2052
1962
1643
2791
1532
823
1942
2669
1329
2230
1693
2987
1353
2638
2281
1913
464
424
2632
2891
1530
1768
2722
1040
1953
1841
2595
1076
994
1956
1223
46
1271
219
189
2803
1394
2131
2825
2724
1361
1518
63
66
1508
2696
1980
1972
120
1964
2215
2003
732
2289
43
37
1131
2638
1466
2125
1947
2689
2523
218
260
64
373
1655
2195
198
1731
909
2068
1794
1327
576
1843
659
2548
2315
2623
1763
1318
708
1053
1713
1097
2536
1704
2563
1661
651
2605
1536
869
2865
1600
1242
1872
1147
1441
603
2408
509
2750
736
1438
1593
1747
986
1260
1723
102
2931
2431
1507
1644
528
1043
348
444
56
999
401
1944
1868
618
896
463
2491
2043
1904
446
1452
2765
196
2540
1203
2141
1639
2542
402
362
2996
333
2793
1855
2329
674
2898
2678
1470
306
677
1871
2602
2898
2489
498
361
2332
2541
2617
2779
1345
2382
2975
1237
938
2469
2877
832
2871
591
1180
556
737
35
2885
1763
285
2915
233
591
593
2456
545
843
1945
1043
1204
1278
936
821
1409
2634
555
1384
871
1845
853
1100
2677
1076
2044
857
1984
2781
892
2222
1544
1529
2137
2129
2472
82
1585
17
925
530
1060
2481
2160
1997
654
569
1983
1210
2306
206
55
511
1659
85
1588
703
1294
924
484
2539
146
2380
1068
2636
1509
541
70
94
558
996
976
1971
829
489
1320
1484
1058
303
2694
716
509
101
1228
2168
186
168
2871
1481
1092
707
1020
1591
87
2440
1227
1948
2981
1297
2042
892
2645
19
2863
475
508
1183
2311
1918
1486
2005
2635
1995
2458
1215
1516
2645
1383
1387
1478
2827
2447
2850
1418
2886
2290
2997
1835
2624
1647
877
516
1644
1248
379
2471
1756
1562
1782
1027
400
1139
1014
2747
598
2229
1263
595
964
3
2073
791
2450
1923
2562
2336
1565
2911
1171
1189
1558
2401
1705
203
649
2084
26
2758
998
1809
1137
1398
2948
2151
1146
898
1732
2761
1493
2696
2764
566
487
2566
2841
401
1903
1407
313
426
2948
1871
2827
2006
2426
829
1442
2805
939
2441
1614
2076
1191
1914
1227
2689
2813
2959
2451
1306
2655
2215
2225
494
1782
2066
1248
1037
825
1561
1815
1126
784
1995
132
563
2824
1574
368
763
1367
1982
191
2559
1248
1418
2248
1061
1729
2051
2720
1736
1267
2297
2582
401
1715
830
1790
2893
2391
605
1019
176
2600
1503
739
2776
77
1459
891
1445
441
1082
1356
1689
2852
956
103
1581
8
175
669
1627
2472
252
2380
1187
1082
1170
1080
826
2127
2099
1354
2080
954
2445
2208
1032
904
100
2829
1345
1534
1537
386
1387
2493
841
320
2501
1016
990
1128
840
1242
860
2028
2676
2030
460
502
1158
2912
1856
590
866
1301
2798
1898
2557
2898
2079
902
1785
616
1641
172
110
2834
844
2963
1203
1834
1444
2043
428
2304
1071
105
1335
1884
959
2845
1796
168
435
2662
1821
585
1561
1379
836
992
2633
2621
1609
1274
145
2071
1461
989
2034
2664
176
478
1707
956
2783
131
1061
1470
2015
2373
1667
811
2541
2454
473
1362
39
2386
2741
875
731
2375
848
2340
1001
993
1411
2814
1983
797
2478
2511
1276
1538
467
1411
1669
1881
233
1036
1254
2252
2199
1147
1706
24
2861
2097
2763
2603
2973
494
2330
821
2834
683
2167
1597
498
1502
2394
328
1013
1022
1866
1832
2785
887
713
370
2275
2319
2622
1474
818
1328
1851
680
778
1614
283
1103
2108
2965
2276
2294
1000
1443
1243
1850
2945
989
2179
1310
2364
1045
143
2149
2285
1208
2872
1560
880
2494
387
1698
1175
2238
2378
1953
1204
13
56
664
330
2332
310
1331
776
1553
181
1073
2542
2360
2384
2258
758
2879
1408
395
1087
1280
2307
1967
1126
2694
1018
2301
2284
748
1254
488
762
1310
1504
1092
643
1814
2775
1771
367
2957
2844
262
2669
2228
2520
779
2107
1280
1174
547
2912
482
2866
1039
528
884
340
2813
1633
1947
653
2747
609
2510
1191
1604
1324
967
375
2044
1276
220
2306
1297
2800
2178
2077
2260
459
603
159
371
1437
25
1762
1966
1262
2455
2131
247
1402
136
2994
2363
2646
1537
968
971
2504
1343
15
1132
1915
2673
2430
2068
1851
1507
1680
2310
2462
1839
34
900
2216
2148
2866
478
1603
2349
1077
357
2485
1071
2721
2132
2609
689
103
2465
2384
470
598
1652
143
380
720
1994
2239
2400
1657
1701
1591
1691
2601
807
1191
2819
1638
2795
2168
2715
504
2006
1139
577
1138
1100
1266
1593
917
1003
2063
1515
2655
2206
2247
727
1552
1486
479
209
188
2070
2252
141
229
444
2961
1867
591
2481
1935
1095
1487
74
2025
2977
1526
643
1570
2443
1646
633
1311
1653
191
558
2380
1744
2045
2859
1953
2585
2281
1206
2726
2511
2002
39
1730
2593
2521
665
1040
1360
1091
65
1338
2617
709
2908
2061
2707
894
724
1361
1085
1282
741
2829
679
953
2135
264
234
341
2991
97
2695
382
1828
2288
2903
2493
680
1616
937
1098
306
554
2159
566
2967
1866
1460
1043
579
2898
2326
1321
2727
357
2626
1862
622
2860
2555
965
2958
2250
1347
2138
1890
1603
1983
2571
219
2920
1021
877
827
180
1443
1146
2046
2904
2190
2626
2802
1868
1299
2881
2225
1277
2096
199
1137
1651
1164
1447
1254
2512
585
144
1467
2569
67
1686
2841
1088
2915
1020
1268
1358
2167
667
1614
1709
645
1416
577
2296
1650
154
573
746
354
1710
2749
1870
510
1003
1382
1447
1148
201
1368
1567
1887
1210
2656
1802
2230
1276
513
1749
1943
2127
458
2588
896
1387
2236
2546
1542
2809
292
2248
1872
41
1118
2382
1397
2853
1181
2545
54
2550
1464
2294
1112
1120
1448
694
2397
2313
2444
1692
1441
254
1633
2337
1642
869
1883
536
679
2527
136
2551
2920
1606
2285
1317
1811
818
862
1866
368
2327
1512
1832
799
312
2527
548
2626
2323
2241
1067
2577
1226
756
1571
2095
2639
2459
126
2166
2947
29
2086
1554
2666
404
365
485
1618
2583
853
1297
1447
2686
2449
1760
2565
2997
1738
1888
2590
2805
1817
816
561
389
264
552
200
390
70
148
772
2508
1702
438
264
2419
923
2235
2003
2129
532
802
2167
333
2562
1732
683
1300
620
273
1457
2437
1442
2370
178
2058
2922
379
2448
2992
527
572
2853
2581
1011
117
2352
2286
2352
1355
1415
237
2510
934
570
2072
2666
1605
725
638
1879
2534
428
673
1905
958
2731
1827
1337
2531
2172
2216
456
2025
2149
1467
2494
1502
753
1847
209
2521
2084
2719
455
6
2144
474
1612
221
1112
843
2755
1892
1516
1660
2851
1599
840
1188
1482
364
757
1938
2389
258
757
1883
1760
1863
1082
1970
1384
166
2041
2191
173
1185
2665
2137
1406
1130
2980
1514
22
1848
174
2873
447
1014
1414
2281
1730
2523
1572
1471
2781
2681
355
1542
1544
1789
864
280
1956
257
2824
2481
1795
2489
1618
553
971
1950
2067
994
798
2242
1219
1597
608
2985
878
2339
2508
2802
810
2642
2484
1517
1536
1380
659
2752
1661
2615
9
1485
2448
1804
1326
1418
2358
2298
368
1777
644
1166
1371
2215
2763
1980
2201
993
1671
2061
1148
2833
1703
632
1703
239
2012
2362
2991
1025
2329
353
2510
2129
2509
1189
547
1867
487
1267
997
1131
2785
2368
698
2900
1700
2899
1245
371
2313
2393
557
1368
377
2260
1608
2742
1974
1951
767
1655
2656
630
784
2166
1819
1683
1033
2306
2950
2382
789
87
1751
1839
2987
451
1739
1232
1175
1404
978
1732
2772
1355
1344
1732
1097
318
684
2217
1973
340
2847
109
2506
2018
1792
892
1676
2094
626
2465
2181
2377
1656
2520
2829
395
752
1356
2151
1730
88
1924
438
1784
656
1887
2454
1692
1104
1779
2385
1303
1888
2243
321
1032
487
1997
126
1114
1814
2659
491
471
2179
672
1218
283
2028
370
2014
2468
2294
2804
1252
302
1691
706
1995
2796
2485
1380
1099
1373
623
1773
2405
1111
770
2883
2225
2585
2542
68
408
1721
741
1626
2005
2769
1996
1371
2590
1642
1527
842
1945
218
1549
940
366
1386
2672
1818
112
295
591
2869
1406
1713
2753
983
1298
2647
1052
2058
1721
1793
685
1078
1914
33
2801
1504
1676
1328
2699
973
1546
1600
1913
2265
338
1937
1083
450
2232
1674
672
991
739
777
1974
2390
424
378
1448
2497
2171
2133
575
1438
2167
376
294
1195
1704
345
2168
603
1945
1433
2868
2284
370
951
86
2602
2977
758
945
716
1535
2920
106
2312
298
1555
1809
2822
1040
2385
1612
559
113
2258
1754
1818
2604
922
2773
1901
2707
2641
1185
77
944
1272
32
1273
2382
977
2341
918
1249
2448
230
1900
1355
2039
2074
2747
1776
686
307
1890
2944
2061
1060
2900
336
833
1802
43
474
339
473
1770
1611
857
43
1346
1834
2384
2264
436
2184
2846
2336
891
2237
1762
639
1014
2448
1298
2904
2744
359
964
2997
1047
1797
1799
1443
2623
2138
2268
1393
1102
125
1788
2448
2311
1172
2064
2747
709
1910
2435
1600
1147
1197
2591
2513
997
889
2417
742
1601
733
739
2648
2882
2890
1443
2857
2028
711
1250
482
836
390
2930
500
1563
2346
247
2624
1256
2683
1224
2756
1232
816
2269
2230
2057
2039
2972
658
124
1063
307
7
1305
2102
2864
685
2814
1467
1168
1002
2209
1450
1502
1124
797
2102
748
2405
2137
1973
2161
369
141
1783
2599
2198
1174
2923
209
1298
1338
868
1657
2643
2970
1874
329
136
693
1849
1491
2902
299
345
1027
1096
2447
1775
502
1936
1100
15
2306
1593
1798
2257
1144
324
2181
1353
1623
871
2221
632
867
2543
2858
1548
2680
551
397
1171
806
696
1868
1833
2145
1316
960
2647
252
2413
14
2910
1006
1813
2168
2502
2137
1701
855
1112
2924
428
2097
791
2972
1955
2339
4
2859
88
1527
665
785
395
2850
282
2063
810
281
2668
575
295
2578
1582
2460
2098
1084
1598
1151
2292
62
1076
72
2511
1867
396
1819
1559
752
1678
1647
2279
2695
2784
27
2545
66
2442
707
347
2110
1283
643
2041
217
103
1491
1653
2053
2643
1297
2468
719
1370
2331
2586
1766
1150
1497
2519
2828
145
2150
2875
2929
2529
2420
348
1972
480
1047
1434
1763
2042
475
2332
2498
1967
985
1551
1610
2283
1371
2681
1005
703
2267
123
2205
765
2994
2386
1262
2145
2261
1543
2026
2034
1891
998
2514
2939
2433
1629
1981
260
961
1479
2579
2298
383
1541
1933
2106
1222
2938
161
842
62
2367
1959
56
1753
221
2553
1366
1764
1580
400
1008
2930
2914
1299
2715
1895
632
2976
208
2112
2907
2507
2847
1449
1440
2305
2671
1731
2819
513
1793
2186
2824
2201
1291
45
1755
9
2162
687
410
522
617
676
1821
333
2924
2453
661
132
1917
568
2639
2116
2369
1432
1422
2393
515
1241
258
2660
779
83
1861
2422
480
968
2431
2642
1655
2841
164
2625
870
2337
310
794
1791
1323
926
708
2243
918
2825
1613
2702
1599
1006
217
192
1616
2877
971
1699
2090
393
2180
59
2824
2174
2066
18
2691
2043
1240
2028
2353
2034
1171
676
312
1880
272
1582
2057
1885
1284
1008
243
1853
1200
1859
2082
2171
911
1173
2916
443
1584
92
2617
650
110
2660
2694
1702
1689
2399
736
2860
428
1401
2092
700
2983
1501
2937
1268
2509
180
121
709
2391
2556
232
654
729
148
1097
2313
241
1067
315
703
727
361
2406
2768
2761
494
2629
541
1895
2073
1241
2231
927
1530
499
436
1710
972
1498
1453
528
1730
2108
1609
1879
557
922
2472
1624
1590
527
2352
1951
2933
2120
2064
780
2101
2605
27
1527
1198
2258
2454
2728
2757
2890
1790
1082
1740
596
1962
471
56
572
2702
613
1846
2526
2238
436
53
1942
2740
2987
1062
1804
1119
516
1762
1146
2043
2960
405
1849
41
514
2091
1831
1948
832
2427
911
1303
2835
1835
1357
449
681
883
39
1470
936
1981
1210
1275
395
366
2394
1263
2128
893
306
2441
1650
2507
2482
2516
1599
1313
1465
2431
1093
2728
1086
928
1563
2443
1729
2596
326
1768
1066
1614
749
2628
2890
1497
2995
2636
2760
2123
881
419
1564
2531
2926
1398
2048
1525
64
865
956
1157
593
2042
2437
2156
1837
1519
2104
2163
287
523
1130
1389
151
1372
2886
498
1360
2646
2622
2242
417
1538
2125
344
2937
1525
1869
1
2390
178
1510
335
2572
1299
2843
1410
2818
1948
925
458
2471
2055
1847
2974
779
2085
473
2140
2083
447
1734
2501
2337
859
2845
2274
2385
2066
2627
2127
2596
1489
2463
2169
141
2306
579
311
1254
1856
769
1077
912
2968
1052
1691
2053
1877
1183
1137
2324
2917
990
1661
777
835
1288
514
253
1267
2993
2850
2757
2456
2371
250
2115
2950
561
721
1806
1331
1799
70
1299
203
2114
353
2080
297
1842
1756
215
2832
417
1344
1019
2057
2210
1624
325
2203
1474
434
2012
845
684
1127
1147
1597
1848
306
2928
999
728
1580
1554
2842
2285
634
492
1127
2742
1059
1311
512
2755
2330
2569
1965
1306
246
1168
2781
680
180
978
1716
1659
2478
314
860
136
594
1859
864
2174
414
1059
1811
1400
1551
290
1143
2610
1601
2007
2365
1283
1576
1682
2590
2175
202
2723
2855
383
1053
1924
2394
531
2590
254
667
536
2114
1884
2711
2880
2943
1874
1632
1494
2165
2775
1456
766
2134
1173
2050
711
2855
1992
238
57
2067
445
792
120
2369
539
1004
2311
793
2023
2848
259
907
2911
139
850
1785
1772
2696
950
1899
1152
1717
1034
2677
1119
2097
2884
463
2687
294
2530
132
1086
2650
2502
1977
1006
2165
2771
30
2013
30
937
1924
522
2140
710
2646
1836
1660
1897
341
729
283
18
2200
2732
255
2663
2419
549
2545
2552
1987
2548
2406
965
554
1571
736
584
585
1118
1874
2861
1992
1014
923
1990
202
2936
888
543
665
1171
914
218
1256
1521
233
675
2070
2779
579
1057
2327
2985
2374
2881
1909
110
818
2846
1581
44
2707
925
1410
631
2916
1612
567
1156
2508
1584
2327
774
2154
935
2295
2388
1963
1717
2167
2542
2774
1846
2528
2149
1727
1789
2611
2897
1635
1544
293
1342
2470
1703
2325
2738
668
244
894
528
2181
573
1302
1335
1509
949
723
472
2666
2890
14
2792
1736
2894
2293
816
2035
2257
1065
670
1153
1359
2013
623
414
1690
713
1082
1935
1607
1610
1116
2533
264
2451
1042
1565
527
1866
1583
417
2232
1376
2506
2479
1021
674
1514
630
2091
2185
1784
450
1550
2759
1217
240
473
2299
2527
2432
1262
995
1965
1878
799
359
444
1326
2225
2027
2095
1810
755
1953
1289
2129
2627
2803
2759
2071
2340
1543
2873
1242
1303
1090
1835
2128
742
1362
1560
2004
2710
878
882
509
1237
1678
2187
463
706
1634
2625
1813
588
914
942
567
1069
702
2638
762
2597
2512
2004
1252
954
839
380
1696
2554
2293
700
2264
171
1935
125
1408
613
2664
2223
1671
1298
1848
485
1886
114
1427
2806
1184
2481
2796
1946
2431
2308
1302
1035
615
2142
1416
2311
1696
1061
364
1312
1584
2299
1437
344
2912
1453
2920
1936
2751
1768
2421
1990
2235
1200
1796
771
1034
1592
69
465
1253
1371
1500
1868
513
268
1531
2561
1681
1895
873
265
1194
2662
610
1459
1115
530
395
867
2650
168
209
2237
1368
2005
8
2402
949
77
2867
2554
1449
1720
1774
2314
2340
658
1876
1022
2553
101
1287
1100
2764
2249
2559
1231
131
306
2450
134
474
2659
2371
2194
2016
2732
1597
318
2809
1816
2872
1610
888
1999
1277
229
2657
505
1251
2562
606
2890
662
722
2140
573
1954
2623
1231
1404
2757
1705
1064
2481
1252
432
2213
2849
750
2374
2017
975
1337
2906
326
2614
135
2983
119
1738
2897
725
1628
560
1448
1120
1133
754
744
2365
2158
853
1422
574
334
2674
1359
2547
2875
2109
2274
2245
436
611
2151
762
225
2638
1097
696
1376
995
1773
4
1907
573
1125
392
1327
1869
2757
838
2722
1532
1764
409
1558
123
308
1786
2585
2582
1031
373
193
534
1136
770
172
2585
1466
1548
932
240
1552
2839
813
29
584
2141
1898
341
331
1973
2225
2095
2734
1136
2571
42
274
2156
2625
1305
2881
2818
1839
1017
941
2011
955
2407
559
2239
2999
2463
2431
813
2493
15
306
1743
708
637
1068
2934
84
802
1422
2655
845
1696
2163
822
353
2045
992
2544
414
1933
1907
1721
1341
2466
961
1692
2281
392
2505
2126
407
163
870
1115
800
2290
1401
1237
93
175
892
1290
2223
408
2112
2576
2805
104
2120
219
2038
1027
2293
731
845
254
2423
479
998
2281
2605
1405
2444
827
2872
597
118
1626
2186
211
1801
78
1853
1025
838
965
953
643
1421
426
1215
459
1453
508
1542
2651
762
1318
130
2112
599
2735
517
395
915
741
1344
1033
2719
530
1596
1521
961
449
2898
1799
1414
1203
2795
187
1629
1010
647
83
1518
2541
86
2632
859
216
1744
1810
303
2613
2206
1218
706
902
2603
426
1433
1199
2299
2394
1648
2549
1545
414
752
1340
602
2382
2702
1601
2817
1572
1142
2903
1204
2354
471
300
1164
1126
265
722
2697
972
1977
2300
1750
410
500
1049
156
2148
598
1701
2915
1350
42
869
732
2744
2470
901
1317
964
804
2873
670
1275
526
2187
2754
791
261
2451
2115
2238
1751
865
2648
2251
2266
2804
1752
2864
1506
2019
1567
1900
2888
2651
1996
2710
553
665
674
1357
891
1697
2985
1769
884
2739
2912
1145
2190
2028
384
941
245
384
545
2512
189
2297
2376
2047
1316
1295
1299
1556
947
647
1266
1500
1665
2292
2857
2556
989
194
1677
2225
2933
1589
371
2475
617
1107
417
863
1491
1314
727
1680
611
455
1079
2279
1751
2378
835
2698
378
2453
1198
2043
1745
1407
1951
87
1954
628
2312
1887
2217
35
1715
2835
1142
2484
1050
2634
798
2129
1314
1409
2584
2746
1040
1335
2476
2227
1033
2854
1680
2583
1897
777
1343
848
1216
297
1828
529
2536
1046
564
1251
1233
2059
735
2635
1693
1533
1764
359
294
1348
105
1686
2684
2582
913
1069
2436
2945
1005
1686
1075
2348
2886
2291
2997
1715
2820
2533
113
737
1137
1346
148
2224
981
1841
758
2745
2200
1404
1093
2658
443
1129
2240
1356
2551
2028
1654
908
1066
2729
608
953
2020
605
20
2193
490
133
282
1627
1479
430
852
2812
2271
1962
2909
1823
718
1002
1481
1161
2484
1073
2870
2387
454
1524
295
1872
1253
903
177
625
1508
197
2818
2350
682
452
1330
2513
882
2534
2325
505
1496
2234
2681
2566
589
1514
728
425
2940
598
2812
394
2474
107
2618
1079
1362
2796
2056
222
345
2227
2572
1028
2679
902
541
914
436
219
1419
2284
2453
1100
1851
394
2967
2931
1171
2907
881
983
653
355
1442
271
1786
2804
67
842
378
765
69
2951
1793
2749
1205
2686
663
1994
2905
2434
1278
2711
887
481
457
854
412
1629
761
1293
2612
1414
2000
1407
1685
786
1563
2105
1981
1942
2870
2050
2245
2015
2151
450
1701
166
2444
1959
2601
1075
1670
488
1556
2479
1342
1969
1108
2455
614
1073
869
2615
2480
2906
753
1395
2363
2734
337
2585
2137
2934
1952
1288
385
654
1455
181
2965
1408
1256
1987
1896
2813
1466
590
1782
2575
397
2396
1000
1618
2363
480
1524
117
2227
1240
203
2917
825
2340
2851
130
629
236
784
2436
770
1101
844
2026
88
92
1839
1554
1034
973
1481
1431
722
2481
49
437
313
1925
554
2541
517
1110
2458
1695
450
2661
1825
1431
2898
2609
1219
1020
1062
2063
46
1150
2507
2238
2704
893
563
1538
2324
1285
1019
2725
1723
1685
2003
2629
1226
2520
739
1036
1215
1542
697
40
325
947
1
1545
1967
1063
960
2366
2213
468
1604
2270
1361
2167
808
1038
805
2179
763
2880
864
118
2509
2442
2639
601
830
854
2495
1528
895
2820
2827
896
1365
1795
2312
2326
1513
1525
146
469
1147
1859
2988
1955
2897
793
1487
1013
1025
2703
1131
535
2146
1122
1488
2976
1977
983
1856
224
1155
1684
1472
2521
831
784
2199
2696
2310
2697
165
457
1556
153
2765
1806
947
1604
171
1972
1307
1654
2859
805
2777
1699
1134
1754
34
2990
2330
1190
2026
802
1063
209
1587
614
2905
1249
311
70
2058
2219
576
1823
1025
1875
779
1548
1199
2087
203
1059
244
2980
110
1378
2086
497
1721
1416
2039
747
2570
454
957
1157
1068
1214
2406
1731
1637
1465
1302
2213
640
2328
1088
1420
1228
2287
859
1431
698
1103
1411
1161
2482
849
1658
1203
2265
697
2302
1836
1503
611
345
2923
1826
104
1654
463
1569
2956
28
2561
2636
1116
981
1217
403
2192
2648
1102
296
1060
2263
130
2261
1273
1685
1527
2322
987
715
825
1599
1412
748
777
1516
2754
1592
85
62
1620
2999
51
2736
1332
1268
491
525
916
1945
1173
2328
1560
1303
1590
2833
2988
469
2155
1327
1536
332
2926
2948
1080
1055
1465
1186
2647
1902
1249
1267
1901
1300
1355
234
2920
1847
1111
836
792
2284
517
2353
939
2107
2538
1279
2928
2046
2606
1464
2378
2885
1412
811
940
229
2349
940
2132
598
2559
1385
2250
915
1971
2170
2762
434
359
906
2718
1228
611
1009
335
502
2288
615
2548
2247
2079
2278
2132
843
89
424
1425
2791
1716
909
389
1276
2646
2992
2191
1618
2514
2305
2052
225
563
2123
1453
1175
132
2140
1677
2773
2755
1577
2020
2186
855
1504
382
1297
2280
1807
1088
1349
2716
1829
2625
2362
1821
2168
1332
1688
1473
737
1913
2036
2860
367
563
344
2859
2240
469
2615
817
2841
2153
2025
1697
2535
322
978
1342
1410
2327
1410
239
2304
1125
2413
1472
2457
1101
297
546
14
2333
758
733
249
1455
945
2489
1924
560
659
1766
65
2684
463
2601
358
1793
1295
2120
1472
2706
2359
776
1183
2124
2600
992
225
2897
1539
592
2583
2297
1677
2832
752
2622
2673
29
534
332
2147
600
368
2962
201
1078
1756
1496
198
580
1554
2558
1709
89
2034
1661
1082
2260
1559
2973
204
1142
2622
1881
974
727
1504
647
756
2038
1332
2903
2990
2052
217
191
131
2325
2040
329
2906
946
239
1967
1388
2274
628
2470
1886
2187
2795
2090
681
2417
971
2007
144
2827
2655
1252
2218
1339
1507
2208
391
1725
2752
874
1050
2144
1556
1308
442
2147
275
1830
1773
1256
1300
659
795
1447
101
1477
865
1425
484
1361
1252
491
2614
822
1830
1121
31
2574
198
135
800
1249
2279
2356
2909
2721
1856
537
1552
629
1793
204
1289
2588
1652
1742
1065
2869
167
1902
1230
1420
2393
1196
2242
1576
2670
2625
1502
220
112
2302
1821
2391
2011
1731
2465
867
2268
1369
1496
1061
1925
137
1001
929
1880
